  2.4306291e+000  3.2948821e+000
  1.3292172e+000  3.4443574e+000
  2.0909890e+000  3.5106903e+000
  2.0738798e+000  3.0341091e+000
  2.0392629e+000  3.3901433e+000
  2.0230457e+000  3.8146716e+000
  2.3213127e+000  3.3498912e+000
  1.5349214e+000  4.1391472e+000
  2.0622275e+000  3.4342859e+000
  1.7035817e+000  3.4532180e+000
  1.7756700e+000  3.4754844e+000
  2.0087796e+000  3.3083197e+000
  1.9066918e+000  3.6428112e+000
  1.5532465e+000  3.1509683e+000
  1.8437703e+000  3.4427167e+000
  2.2465932e+000  3.5504489e+000
  1.7470083e+000  3.5704377e+000
  2.2785995e+000  3.8992739e+000
  2.6525806e+000  3.6973536e+000
  2.2942665e+000  3.4394757e+000
  2.5488033e+000  3.4619706e+000
  2.5232962e+000  4.2244629e+000
  1.6795567e+000  3.5069906e+000
  2.3447953e+000  3.4358120e+000
  1.6778319e+000  3.6189192e+000
  1.9053483e+000  3.0665657e+000
  2.2989300e+000  4.0315185e+000
  1.3938972e+000  3.2499242e+000
  1.3012869e+000  3.4313240e+000
  2.1964780e+000  3.7177387e+000
  2.6387362e+000  4.2651740e+000
  1.7451757e+000  3.3768542e+000
  1.9680900e+000  3.8973964e+000
  2.2228164e+000  3.3030521e+000
  2.5158622e+000  3.7049376e+000
  1.9899544e+000  3.6752014e+000
  2.1163131e+000  3.0037621e+000
  2.3249707e+000  3.2373052e+000
  2.1494797e+000  3.5585273e+000
  2.0650035e+000  2.8843400e+000
  1.9716611e+000  3.6364275e+000
  2.0293333e+000  3.3829362e+000
  2.2712488e+000  3.0436333e+000
  2.0271463e+000  3.1785720e+000
  1.9519302e+000  3.7414960e+000
  2.1271318e+000  2.9404379e+000
  1.9457344e+000  3.0781284e+000
  2.4675615e+000  3.4231925e+000
  2.2757253e+000  3.9765733e+000
  1.9438046e+000  3.5071608e+000
  1.9040626e+000  3.6466424e+000
  1.7712678e+000  3.2306512e+000
  2.6368961e+000  3.9787874e+000
  1.9103067e+000  3.5129029e+000
  1.4396896e+000  2.6605098e+000
  1.6598103e+000  3.3665233e+000
  1.9522082e+000  3.0554592e+000
  2.1616380e+000  3.1486424e+000
  2.6367288e+000  4.2970080e+000
  1.7757786e+000  3.1875656e+000
  1.9769271e+000  3.1736182e+000
  1.5149517e+000  3.0260143e+000
  1.6287628e+000  3.6124401e+000
  1.9076096e+000  3.5950542e+000
  2.0726368e+000  3.4085018e+000
  2.4587453e+000  3.4627077e+000
  7.7571070e-001  4.6237431e+000
  2.3178212e+000  2.9718521e+000
  1.9665673e+000  3.1544927e+000
  1.6899654e+000  3.4806210e+000
  1.9851525e+000  4.0275336e+000
  1.4878208e+000  3.5526290e+000
  1.8208355e+000  3.8091800e+000
  1.9957193e+000  3.6475661e+000
  1.7783078e+000  3.4672117e+000
 -5.0365468e-001  1.0515742e+000
  6.7208548e-001 -3.1245780e-001
 -3.7504486e-001 -1.8266618e-001
 -7.2434201e-001  1.5572216e-001
  9.5094084e-001  1.2197754e-001
  3.4466858e-001 -4.3945200e-001
 -1.5317508e-001 -3.7089615e-001
 -4.3236355e-002  3.6239288e-001
 -6.8002176e-001 -4.0328685e-001
 -4.8619682e-002 -4.4557356e-001
 -6.2854428e-001 -3.8177114e-001
 -2.4949759e-001 -3.5760112e-002
  3.8998392e-001 -1.1056786e+000
  4.5944535e-001  1.1665356e-001
  2.8340116e-003 -8.1377645e-001
 -3.9437745e-001  6.0570161e-001
  2.9677210e-001  6.2623516e-001
 -5.5670855e-001  7.4634373e-002
 -9.6402626e-003  2.1678354e-001
  1.6673352e-001  6.1874193e-002
 -1.2203341e+000  1.0310150e-001
 -3.4175684e-001 -2.8427220e-002
 -5.6458677e-002  1.7347507e-002
 -5.1485550e-001  2.6545360e-002
  4.6410064e-002 -6.0552654e-002
  2.1768612e-001  2.4658303e-001
  1.3839321e-001  3.0656830e-001
 -1.5675729e-001  4.3069481e-001
 -1.7647664e-001 -4.9398292e-003
 -4.3436255e-001  7.5772803e-001
  1.8331964e-001 -2.3631357e-001
 -8.0335619e-001  2.0462735e-001
 -5.1699817e-001 -7.4183552e-001
  3.0899990e-001 -4.5935417e-001
  1.3310048e-003  5.6075068e-001
  3.3921778e-002 -3.1478432e-001
  1.0352191e+000 -1.5320325e-001
 -5.1458898e-001 -2.3066130e-001
 -1.0516813e+000 -5.7701225e-001
 -1.2792701e-001 -9.2561377e-001
  6.9468900e-001 -7.6605400e-001
 -2.1052728e-001 -1.3671396e-002
  5.1122567e-001 -7.7477807e-001
 -9.7463251e-001  2.8300034e-001
 -2.3930496e-001 -7.4078272e-001
 -1.6826621e-001  4.5223792e-002
 -3.8581949e-001  8.4529373e-002
  7.3212971e-002  5.9837994e-001
 -6.6534545e-001 -1.7895265e-001
 -1.4553477e-001 -2.1191974e-001
  2.4850533e-001 -1.6566712e-001
 -1.6182802e-001  1.0183934e+000
 -2.1471572e-001 -2.1905032e-002
  1.1480628e-001 -7.2270160e-002
  5.2267723e-001  1.2717108e+000
  5.6678586e-001 -2.6423744e-001
  1.7986021e-001 -3.0167739e-001
  9.9688058e-001 -6.1037942e-001
 -3.8419410e-001 -4.3492172e-002
 -5.5407826e-001 -4.9712093e-001
  1.2645015e-001 -7.1031784e-002
 -4.1134375e-001  1.0641862e-001
  1.6161127e+000 -3.8365700e-001
 -6.0429039e-001  2.0813338e-001
  2.1795072e-001  2.6262328e-001
  6.6284206e-002 -6.2998187e-001
  6.2906815e-001  4.1756440e-001
  3.0550398e-001  4.9032641e-001
 -3.4819402e-001  6.7128947e-001
 -2.0351430e-001  2.4836776e-001
 -2.0998173e-001 -3.0933277e-002
 -4.5532511e-002 -4.7322073e-002
  8.1643200e-002  6.6998073e-001
  6.6969906e-001 -1.6387170e-001
  6.1742701e-001 -1.0740224e+000
 -8.0031624e-001 -2.4210271e-002
 -7.5027138e-002 -6.5948035e-001
  3.5233839e-001  6.6837171e-001
 -4.9980911e-001 -7.1406922e-002
 -1.4322125e-001 -1.0652354e+000
  7.2074427e-001 -6.6000600e-001
 -1.8105835e-001  6.9674284e-001
 -7.6419986e-001  5.9463316e-001
  6.4866455e-001  1.3407017e-001
  5.7178923e-001  9.4261449e-001
 -4.1870146e-001  1.2228594e-001
  3.0336494e-001 -2.1099784e-001
  8.1189768e-001  2.3152494e-001
  6.5653026e-003 -6.6273271e-001
 -4.3458877e-002 -5.9805093e-001
 -4.8947054e-001 -2.3642445e-001
  7.6031733e-001 -3.6695482e-001
 -9.9119252e-001 -4.5848809e-001
 -7.4084676e-001  6.2139363e-003
  2.1595248e-001  2.4709056e-001
  5.2301375e-001  3.4652824e-001
 -5.7500857e-001  1.1742484e-003
  6.5856430e-001  4.3927341e-001
  6.6877947e-001  3.0259843e-001
  5.8888287e-001 -1.4914068e-001
  1.6007323e-001  7.1644955e-001
  1.2799639e+000  1.1978810e+000
  1.1067497e+000  5.8404886e-001
 -2.6003076e-001 -2.2310160e-001
 -1.3400632e-002 -8.0773644e-001
  1.1653311e+000  6.3167933e-001
  7.7456127e-001 -2.5285046e-001
 -4.3476990e-001  3.4472393e-001
  7.0214566e-002 -5.6750359e-001
  8.4014445e-002 -1.2369130e+000
 -4.0850370e-001  2.5854911e-001
 -9.4960050e-002 -1.3777845e+000
 -4.2027755e-001 -2.1537195e-001
  7.9085184e-001  8.4706981e-001
  9.6098346e-001 -4.9162232e-001
 -1.9373340e-001  2.7313180e-001
  5.9661097e-001  1.8961991e-001
  3.7318087e-001  2.6774890e-001
  9.0830714e-001  3.2369359e-001
 -1.5142778e+000  7.2452131e-001
 -5.8615170e-002  1.1844891e-001
 -5.9580907e-002  3.7650184e-001
  3.6951747e-001  3.4202476e-004
 -2.9986368e-001  7.9133350e-001
  6.3710939e-001 -8.2994955e-001
  9.7643672e-002  2.8326731e+000
  5.1693603e-002  2.8095595e+000
 -9.9291097e-002  5.0830837e-001
  3.9381849e-001  2.3866826e+000
  1.1429368e+000  2.3055987e+000
 -4.0351812e-001  2.8252854e+000
 -5.4409966e-001  1.6767624e+000
 -4.1236112e-001  2.3566308e+000
  9.2735597e-001  2.6341623e+000
  4.9776205e-001  2.2707926e+000
  3.0142065e-001  1.9411923e+000
 -6.8106565e-001  1.6582611e+000
  1.5372534e-001  1.7209710e+000
  2.5968800e-001  2.9404067e+000
  1.0584003e+000  2.5525708e+000
 -3.3666084e-001  3.1970869e+000
 -7.4551216e-001  2.3316808e+000
 -3.6980526e-001  2.3686856e+000
 -8.2576151e-001  1.9832160e+000
  2.1992326e-001  2.2377865e+000
  2.8695726e-001  2.0792709e+000
 -1.3016583e-001  2.2366210e+000
 -3.4675356e-001  3.5914545e+000
 -9.0741802e-001  2.0362794e+000
 -7.5772770e-001  1.7310280e+000
  5.2271438e-001  1.8601305e+000
 -7.4959634e-002  2.2853425e+000
 -5.2644623e-001  2.7934303e+000
  7.1792967e-001  2.1919179e+000
  7.5503113e-001  2.3693196e+000
 -1.8925900e-001  2.4782390e+000
 -1.1540233e-001  2.5088235e+000
 -2.3834990e-001  2.3384716e+000
  6.4042935e-001  2.4272254e+000
  3.3280814e-001  2.7833705e+000
 -5.3380263e-002  2.1876636e+000
 -7.6542045e-002  3.1082492e+000
  2.1275136e-001  2.1941773e+000
 -3.1657437e-002  2.7436674e+000
  5.0888779e-001  2.7200029e+000
 -2.7680087e-001  1.4851882e+000
 -8.2679531e-002  1.9948788e+000
  3.3438451e-002  1.7631077e+000
 -3.4479876e-001  2.1872979e+000
 -2.1178344e-001  2.0326588e+000
  1.0318248e+000  2.6535818e+000
 -4.7012583e-001  1.5621531e+000
  6.6783850e-001  2.1923226e+000
  5.1560069e-001  3.3870809e+000
  1.0666312e-002  2.2225818e+000
